0.0000000	0.00000000	0.0000000	5.87E+02	0.00000000	0.00000000	0.00000000	0.00000000	0	0
0.0000753	0.044215 0.044231 0.0003 0.0000	0.0001000	587.5900000	0.00000000	0.00000000	0.00000000	0.00000000	0	0
0.0003012	0.17685000	0.1769900	587.7500000	0.00510000	0.00000000	0.00200000	0.00000000	0	0
0.0006776	0.39789000	0.3981600	587.3100000	0.02580000	0.00000000	0.00970000	-0.00010000	0	0
0.0012045	0.70730000	0.7075000	586.8000000	0.08110000	0.00000000	0.02860000	-0.00040000	-0.0001	0
0.0018819	1.10500000	1.1046000	585.7600000	0.19680000	0.00010000	0.06360000	-0.00140000	-0.0002	0
0.0027095	1.59100000	1.5886000	583.5500000	0.40480000	0.00060000	0.11820000	-0.00430000	-0.0005	0
0.0036874	2.16520000	2.1573000	579.1000000	0.73980000	0.00160000	0.19290000	-0.01080000	-0.0008	0
0.0048153	2.82750000	2.8061000	570.8400000	1.23210000	0.00400000	0.28590000	-0.02370000	-0.0013	0
0.0060930	3.57780000	3.5272000	556.9700000	1.89570000	0.00840000	0.39310000	-0.04590000	-0.0019	0
0.0075205	4.41600000	4.3078000	535.9200000	2.71570000	0.01580000	0.50970000	-0.08020000	-0.0027	0
0.0090974	5.34190000	5.1307000	506.9200000	3.64280000	0.02720000	0.63090000	-0.12790000	-0.0036	0
0.0108230	6.35550000	5.9748000	470.4300000	4.60140000	0.04340000	0.75330000	-0.18810000	-0.0046	0.0001
0.0126990	7.45650000	6.8174000	428.1400000	5.50790000	0.06530000	0.87450000	-0.25810000	-0.0056	0.0002
0.0147220	8.64490000	7.6375000	382.5600000	6.29150000	0.09310000	0.99290000	-0.33350000	-0.0062	0.0003
0.0168950	9.92040000	8.4177000	336.3900000	6.90730000	0.12730000	1.10740000	-0.40990000	-0.0062	0.0004
0.0192150	11.28300000	9.1455000	291.9700000	7.33900000	0.16750000	1.21660000	-0.48330000	-0.0055	0.0005
0.0216830	12.73200000	9.8142000	250.9900000	7.59400000	0.21360000	1.31930000	-0.55070000	-0.0039	0.0007
0.0242980	14.26800000	10.4210000	214.3900000	7.69430000	0.26460000	1.41400000	-0.61050000	-0.0014	0.0008
0.0270600	15.89000000	10.9680000	182.5100000	7.66840000	0.31970000	1.49970000	-0.66210000	0.0017	0.0009
0.0299690	17.59700000	11.4580000	155.2400000	7.54560000	0.37780000	1.57580000	-0.70560000	0.0052	0.001
0.0330240	19.39100000	11.8950000	132.2000000	7.35290000	0.43750000	1.64210000	-0.74170000	0.0087	0.001
0.0362240	21.27000000	12.2870000	112.9000000	7.11320000	0.49780000	1.69860000	-0.77120000	0.0122	0.001
0.0395690	23.23500000	12.6360000	96.8520000	6.84480000	0.55750000	1.74600000	-0.79500000	0.0157	0.001
0.0430600	25.28400000	12.9500000	83.5500000	6.56190000	0.61560000	1.78500000	-0.81380000	0.0189	0.0009
0.0466940	27.41800000	13.2330000	72.5210000	6.27630000	0.67120000	1.81670000	-0.82860000	0.0214	0.0008
0.0504720	29.63700000	13.4890000	63.3560000	5.99660000	0.72380000	1.84170000	-0.84010000	0.0231	0.0008
0.0543930	31.93900000	13.7220000	55.7280000	5.72820000	0.77280000	1.86090000	-0.84890000	0.0239	0.0008
0.0584560	34.32500000	13.9350000	49.3730000	5.47460000	0.81800000	1.87460000	-0.85540000	0.0241	0.0008
0.0626610	36.79400000	14.1310000	44.0630000	5.23760000	0.85910000	1.88330000	-0.85990000	0.0239	0.0008
0.0670070	39.34600000	14.3130000	39.6000000	5.01830000	0.89610000	1.88740000	-0.86280000	0.0234	0.0008
0.0714940	41.98100000	14.4820000	35.8400000	4.81660000	0.92900000	1.88730000	-0.86430000	0.0229	0.0008
0.0761200	44.69800000	14.6400000	32.6830000	4.63180000	0.95790000	1.88370000	-0.86470000	0.0225	0.0009
0.0808860	47.49600000	14.7890000	30.0440000	4.46250000	0.98300000	1.87700000	-0.86390000	0.022	0.001
0.0857900	50.37600000	14.9310000	27.8160000	4.30760000	1.00460000	1.86770000	-0.86220000	0.0211	0.001
0.0908320	53.33600000	15.0660000	25.9140000	4.16620000	1.02280000	1.85610000	-0.85970000	0.0197	0.001
0.0960110	56.37700000	15.1960000	24.2800000	4.03710000	1.03800000	1.84310000	-0.85660000	0.0177	0.001
0.1013300	59.49800000	15.3210000	22.8600000	3.91940000	1.05030000	1.82900000	-0.85320000	0.0154	0.0009
0.1067800	62.69800000	15.4420000	21.6080000	3.81250000	1.05990000	1.81400000	-0.84960000	0.0132	0.0007
0.1123600	65.97700000	15.5600000	20.5050000	3.71580000	1.06710000	1.79790000	-0.84590000	0.0112	0.0006
0.1180800	69.33500000	15.6740000	19.5440000	3.62830000	1.07220000	1.78030000	-0.84200000	0.0098	0.0004
0.1239300	72.77100000	15.7860000	18.7070000	3.54860000	1.07550000	1.76140000	-0.83760000	0.0083	0.0002
0.1299100	76.28400000	15.8960000	17.9650000	3.47530000	1.07730000	1.74180000	-0.83280000	0.0068	0
0.1360300	79.87400000	16.0030000	17.3010000	3.40710000	1.07780000	1.72240000	-0.82770000	0.0059	-0.0002
0.1422700	83.54100000	16.1100000	16.6870000	3.34360000	1.07690000	1.70330000	-0.82220000	0.0057	-0.0005
0.1486400	87.28300000	16.2140000	16.1070000	3.28450000	1.07470000	1.68460000	-0.81650000	0.0059	-0.0007
0.1551500	91.10100000	16.3170000	15.5450000	3.22910000	1.07150000	1.66600000	-0.81040000	0.0062	-0.0007
0.1617800	94.99400000	16.4180000	15.0050000	3.17730000	1.06730000	1.64700000	-0.80410000	0.0065	-0.0006
0.1685300	98.96000000	16.5180000	14.5040000	3.12870000	1.06250000	1.62800000	-0.79750000	0.0066	-0.0004
0.1754100	103.00000000	16.6160000	14.0320000	3.08320000	1.05690000	1.60900000	-0.79070000	0.0062	-0.0001
0.1824200	107.11000000	16.7130000	13.5890000	3.04070000	1.05090000	1.58960000	-0.78390000	0.0058	0.0002
0.1895400	111.30000000	16.8080000	13.1750000	3.00080000	1.04450000	1.57030000	-0.77710000	0.0054	0.0006
0.1967900	115.56000000	16.9020000	12.8000000	2.96260000	1.03780000	1.55190000	-0.77020000	0.0048	0.001
0.2041600	119.88000000	16.9950000	12.4650000	2.92550000	1.03110000	1.53420000	-0.76300000	0.0042	0.0014
0.2116500	124.28000000	17.0870000	12.1470000	2.88940000	1.02430000	1.51700000	-0.75550000	0.0038	0.0017
0.2192600	128.75000000	17.1790000	11.8220000	2.85500000	1.01720000	1.50010000	-0.74800000	0.0035	0.0021
0.2269900	133.29000000	17.2690000	11.5050000	2.82160000	1.00980000	1.48330000	-0.74060000	0.0037	0.0025
0.2348300	137.89000000	17.3580000	11.2140000	2.78850000	1.00200000	1.46630000	-0.73310000	0.0045	0.0029
0.2427900	142.57000000	17.4460000	10.9440000	2.75530000	0.99380000	1.44860000	-0.72560000	0.0057	0.003
0.2508600	147.31000000	17.5330000	10.6800000	2.72180000	0.98540000	1.43010000	-0.71800000	0.0069	0.0033
0.2590500	152.11000000	17.6200000	10.4160000	2.68850000	0.97690000	1.41170000	-0.71030000	0.0078	0.0035
0.2673500	156.98000000	17.7050000	10.1660000	2.65540000	0.96820000	1.39380000	-0.70240000	0.0084	0.0036
0.2757500	161.92000000	17.7890000	9.9349000	2.62230000	0.95940000	1.37660000	-0.69430000	0.0089	0.0036
0.2842700	166.92000000	17.8730000	9.7201000	2.58930000	0.95050000	1.35950000	-0.68600000	0.0093	0.0035
0.2928900	171.99000000	17.9560000	9.5271000	2.55680000	0.94150000	1.34170000	-0.67750000	0.0096	0.0034
0.30162000	177.11000000	18.0380	9.3516	2.52420000	0.93260000	1.32340000	-0.66900000	0.0097	0.0034
0.31046000	182.30000000	18.1200	9.1735	2.49110000	0.92360000	1.30520000	-0.66030000	0.0097	0.0035
0.31940000	187.55000000	18.2020	8.9930	2.45770000	0.91460000	1.28760000	-0.65160000	0.0096	0.0038
0.32844000	192.86000000	18.2820	8.8148	2.42410000	0.90540000	1.27040000	-0.64290000	0.0097	0.0041
0.33758000	198.23000000	18.3620	8.6554	2.39020000	0.89630000	1.25320000	-0.63420000	0.0097	0.0044
0.34683000	203.65000000	18.4410	8.5138	2.35620000	0.88710000	1.23590000	-0.62540000	0.0089	0.0047
0.35617000	209.14000000	18.5200	8.3741	2.32220000	0.87780000	1.21840000	-0.61650000	0.0075	0.005
0.36561000	214.68000000	18.5980	8.2414	2.28770000	0.86860000	1.20050000	-0.60750000	0.0055	0.0053
0.37514000	220.28000000	18.6760	8.1262	2.25190000	0.85930000	1.18190000	-0.59850000	0.0033	0.0055
0.38477000	225.93000000	18.7540	8.0025	2.21480000	0.84990000	1.16310000	-0.58940000	0.0019	0.0055
0.39449000	231.64000000	18.8310	7.8551	2.17710000	0.84010000	1.14450000	-0.58020000	0.0014	0.0055
0.40430000	237.40000000	18.9070	7.6768	2.13930000	0.82990000	1.12640000	-0.57100000	0.0015	0.0055
0.41420000	243.22000000	18.9820	7.4741	2.10170000	0.81920000	1.10860000	-0.56170000	0.0018	0.0057
0.42419000	249.08000000	19.0560	7.2710	2.06370000	0.80840000	1.09120000	-0.55240000	0.0026	0.006
0.43427000	255.00000000	19.1280	7.0807	2.02520000	0.79730000	1.07420000	-0.54290000	0.0041	0.0062
0.44443000	260.97000000	19.1990	6.9011	1.98610000	0.78600000	1.05740000	-0.53330000	0.006	0.0063
0.45467000	266.98000000	19.2690	6.7289	1.94630000	0.77460000	1.04040000	-0.52350000	0.0078	0.0065
0.46500000	273.05000000	19.3380	6.5779	1.90620000	0.76310000	1.02310000	-0.51370000	0.0095	0.0066
0.47541000	279.16000000	19.4060	6.4458	1.86580000	0.75150000	1.00540000	-0.50370000	0.0111	0.0067
0.48590000	285.32000000	19.4730	6.3147	1.82520000	0.73970000	0.98740000	-0.49370000	0.0126	0.0069
0.49646000	291.52000000	19.5390	6.1881	1.78480000	0.72780000	0.96940000	-0.48360000	0.014	0.0069
0.50710000	297.77000000	19.6040	6.0620	1.74480000	0.71590000	0.95120000	-0.47330000	0.015	0.0069
0.51782000	304.06000000	19.6680	5.9320	1.70530000	0.70380000	0.93270000	-0.46290000	0.0154	0.0068
0.52860000	310.39000000	19.7310	5.8032	1.66610000	0.69170000	0.91420000	-0.45230000	0.0153	0.0067
0.53946000	316.77000000	19.7940	5.6845	1.62690000	0.67970000	0.89580000	-0.44180000	0.0149	0.0064
0.55039000	323.19000000	19.8550	5.5823	1.58740000	0.66780000	0.87790000	-0.43110000	0.0146	0.0062
0.56138000	329.64000000	19.9160	5.4790	1.54800000	0.65600000	0.86020000	-0.42040000	0.0142	0.0061
0.57244000	336.14000000	19.9760	5.3556	1.50940000	0.64430000	0.84230000	-0.40950000	0.0137	0.0061
0.58357000	342.67000000	20.0350	5.2217	1.47170000	0.63290000	0.82450000	-0.39860000	0.013	0.0063
0.59476000	349.24000000	20.0930	5.0905	1.43460000	0.62160000	0.80720000	-0.38770000	0.0127	0.0064
0.60601000	355.84000000	20.1490	4.9542	1.39790000	0.61060000	0.79030000	-0.37680000	0.0128	0.0064
0.61732000	362.48000000	20.2040	4.8197	1.36170000	0.59980000	0.77300000	-0.36610000	0.0135	0.0061
0.62868000	369.16000000	20.2580	4.6972	1.32600000	0.58940000	0.75480000	-0.35530000	0.0142	0.0058
0.64010000	375.87000000	20.3110	4.5908	1.29080000	0.57930000	0.73610000	-0.34440000	0.0149	0.0053
0.65158000	382.60000000	20.3640	4.4850	1.25610000	0.56950000	0.71730000	-0.33330000	0.0154	0.0048
0.66311000	389.37000000	20.4150	4.3668	1.22240000	0.55980000	0.69850000	-0.32220000	0.0156	0.0043
0.67469000	396.17000000	20.4640	4.2558	1.18950000	0.55030000	0.67990000	-0.31100000	0.0156	0.004
0.68632000	403.00000000	20.5130	4.1497	1.15730000	0.54090000	0.66150000	-0.29950000	0.0158	0.0038
0.69799000	409.86000000	20.5610	4.0388	1.12620000	0.53170000	0.64320000	-0.28800000	0.0163	0.0035
0.70972000	416.74000000	20.6080	3.9263	1.09600000	0.52250000	0.62480000	-0.27640000	0.0171	0.0031
0.72148000	423.65000000	20.6530	3.8183	1.06650000	0.51330000	0.60700000	-0.26500000	0.0179	0.0027
0.73329000	430.58000000	20.6980	3.7190	1.03710000	0.50430000	0.59020000	-0.25370000	0.0186	0.0024
0.74513000	437.54000000	20.7410	3.6330	1.00780000	0.49530000	0.57420000	-0.24240000	0.019	0.0023
0.75702000	444.52000000	20.7840	3.5440	0.97860000	0.48650000	0.55850000	-0.23100000	0.019	0.0022
0.76894000	451.52000000	20.8260	3.4420	0.94960000	0.47780000	0.54340000	-0.21960000	0.0184	0.0021
0.78090000	458.54000000	20.8660	3.3320	0.92090000	0.46920000	0.52920000	-0.20820000	0.0172	0.0021
0.79289000	465.58000000	20.9050	3.2089	0.89270000	0.46090000	0.51580000	-0.19670000	0.0157	0.002
0.80491000	472.64000000	20.9430	3.0654	0.86520000	0.45280000	0.50300000	-0.18510000	0.0142	0.0019
0.81696000	479.71000000	20.9790	2.9118	0.83890000	0.44510000	0.49070000	-0.17360000	0.013	0.0017
0.82904000	486.81000000	21.0130	2.7553	0.81350000	0.43780000	0.47890000	-0.16200000	0.0118	0.0015
0.84114000	493.91000000	21.0460	2.5963	0.78860000	0.43080000	0.46770000	-0.15040000	0.0106	0.0014
0.85327000	501.04000000	21.0760	2.4375	0.76400000	0.42430000	0.45680000	-0.13870000	0.0097	0.0012
0.86542000	508.17000000	21.1050	2.2694	0.74060000	0.41820000	0.44660000	-0.12710000	0.0089	0.0012
0.87759000	515.32000000	21.1310	2.0922	0.71880000	0.41270000	0.43740000	-0.11550000	0.0083	0.0012
0.88978000	522.47000000	21.1560	1.9089	0.69870000	0.40780000	0.42910000	-0.10400000	0.0077	0.0012
0.90198000	529.64000000	21.1780	1.7142	0.67990000	0.40350000	0.42140000	-0.09260000	0.0072	0.0012
0.91420000	536.81000000	21.1980	1.5088	0.66250000	0.40000000	0.41440000	-0.08120000	0.0069	0.0011
0.92644000	544.00000000	21.2150	1.3002	0.64670000	0.39700000	0.40840000	-0.06960000	0.0068	0.0011
0.93868000	551.19000000	21.2300	1.0914	0.63280000	0.39470000	0.40350000	-0.05810000	0.0065	0.001
0.95093000	558.38000000	21.2420	0.8788	0.62100000	0.39300000	0.40000000	-0.04640000	0.0061	0.0008
0.96319000	565.58000000	21.2510	0.6617	0.61170000	0.39180000	0.39750000	-0.03480000	0.0056	0.0005
0.97546000	572.78000000	21.2580	0.4394	0.60500000	0.39110000	0.39580000	-0.02310000	0.0051	0.0003
0.98773000	579.99000000	21.2620	0.2167	0.60110000	0.39070000	0.39480000	-0.01150000	0.0047	0.0001
1.00000000	587.19000000	21.2630	0.0000	0.59990000	0.39060000	0.39460000	0.00000000	0.0045	0
